 
+----------------------------+
| Real-space lattice vectors |
+----------------------------+
 
vector a1 :   -3.375995700      -3.375995700       0.000000000    
vector a2 :   -3.375995700       0.000000000       3.375995700    
vector a3 :    6.751991400      -10.12798710       10.12798710    
 
Stored column-wise as a matrix :
  -3.375995700      -3.375995700       6.751991400    
  -3.375995700       0.000000000      -10.12798710    
   0.000000000       3.375995700       10.12798710    
 
Inverse of matrix :
 -0.1110783405     -0.1851305676     -0.1110783405    
 -0.1110783405      0.1110783405      0.1851305676    
  0.3702611351E-01 -0.3702611351E-01  0.3702611351E-01
 
Unit cell volume :    307.8191548    
 
 
+----------------------------------+
| Reciprocal-space lattice vectors |
+----------------------------------+
 
vector b1 :  -0.6979257972      -1.163209662     -0.6979257972    
vector b2 :  -0.6979257972      0.6979257972       1.163209662    
vector b3 :   0.2326419324     -0.2326419324      0.2326419324    
 
Stored column-wise as a matrix :
 -0.6979257972     -0.6979257972      0.2326419324    
  -1.163209662      0.6979257972     -0.2326419324    
 -0.6979257972       1.163209662      0.2326419324    
 
Inverse of matrix :
 -0.5373064035     -0.5373064035       0.000000000    
 -0.5373064035       0.000000000      0.5373064035    
   1.074612807      -1.611919211       1.611919211    
 
Brillouin zone volume :   0.8058309874    
